1
10 55
4320 13
10000 37
551 22
6 161
9 150
3025 1
9761 34
6 78
4 135
5 81
-1 28 -1 53 -1 -1 -1 -1 12 47
-1 -1 61 -1 -1 -1 -1 -1 -1 77
93 51 -1 -1 -1 -1 -1 2 8 49
54 40 9 -1 -1 -1 -1 43 37 -1
68 61 29 72 -1 37 -1 -1 5 91
99 -1 74 92 -1 -1 -1 16 -1 48
47 -1 95 -1 20 88 -1 -1 64 -1
-1 82 64 -1 35 2 69 -1 9 -1
57 -1 95 -1 25 -1 -1 -1 -1 39
-1 -1 -1 14 50 -1 -1 -1 -1 -1
6 8
6 3
3 7
7 2
3 9
8 1
8 5
7 4
3 10
3 5
7 1
2 7
8 2
8 9
6 1
7 6
8 7
7 3
3 6
2 6
3 1
3 2
7 8
7 9
1 9
1 8
3 4
8 4
8 6
2 10
1 3
3 8
2 9
1 7
5 9
2 5
7 10
6 7
6 9
2 4
8 3
6 4
1 4
1 5
6 2
6 10
2 8
2 1
2 3
1 6
6 5
8 10
7 5
1 10
1 2
10 45
6892 10
15 153
67 112
4686 30
2 132
1607 28
19 171
44 190
1226 2
42 119